20
1 4 1 2 3 4
2 4 1 2 3 4
3 4 1 2 3 4
4 4 1 2 3 4
5 4 1 2 3 4
6 4 1 2 3 4
7 4 1 2 3 4
8 4 1 2 3 4
9 4 1 2 3 4
10 4 1 2 3 4 
11 4 1 2 3 4
12 4 1 2 3 4
13 4 1 2 3 4
14 4 1 2 3 4
15 4 1 2 3 4
16 4 1 2 3 4
17 4 1 2 3 4
18 4 1 2 3 4
19 4 1 2 3 4
20 4 1 2 3 4
2 2 1 2
2 2 1 3
2 2 1 4
2 2 1 6
2 2 1 7
2 2 1 8
2 2 1 9
2 2 2 3
2 2 2 9
2 2 2 10
2 2 3 4
2 2 3 10
2 2 3 11
2 2 4 3
2 2 4 5
2 2 4 6
2 2 4 11
2 2 4 12
2 2 5 1
2 2 5 4
2 2 5 6
2 2 5 12
2 2 5 13
2 2 5 14
2 2 6 1
2 2 6 4
2 2 6 5
2 2 6 7
2 2 6 14
2 2 6 15
2 2 7 1
2 2 7 6
2 2 7 8
2 2 7 15
2 2 7 16
2 2 8 1
2 2 8 7
2 2 8 9
2 2 8 16
2 2 8 17
2 2 8 18
2 2 9 1
2 2 9 2
2 2 9 8
2 2 9 10
2 2 9 17
2 2 9 18
2 2 10 2
2 2 10 3
2 2 10 9
2 2 10 11
2 2 10 18
2 2 10 19
2 2 10 20
2 2 11 3
2 2 11 4
2 2 11 10
2 2 11 12
2 2 11 19
2 2 11 20
2 2 12 4
2 2 12 5
2 2 12 11
2 2 12 13
2 2 12 20
2 2 13 4
2 2 13 5
2 2 13 12
2 2 13 14
2 2 14 5
2 2 14 6
2 2 14 13
2 2 14 15
2 2 15 6
2 2 15 7
2 2 15 14
2 2 15 16
2 2 16 7
2 2 16 8
2 2 16 15
2 2 16 17
2 2 17 8
2 2 17 9
2 2 17 16
2 2 17 18
2 2 18 2
2 2 18 8
2 2 18 10
2 2 18 17
2 2 18 19
2 2 19 10
2 2 19 11
2 2 19 18
2 2 19 20
2 2 20 10
2 2 20 11
2 2 20 12
2 2 20 19